2  303
3  436
4  347
6  202
7  264
8  473
9  116
9  180
9  489
10  235
10  298
11  171
11  291
12  497
13  334
13  347
15  94
15  118
15  132
15  182
15  379
15  510
16  34
17  460
18  240
19  138
19  467
21  12
21  506
22  421
24  179
25  38
25  157
25  323
25  335
25  441
25  477
26  417
27  453
28  74
28  376
28  474
29  215
29  344
30  55
30  136
30  152
30  449
31  437
32  165
33  199
33  213
34  101
34  345
35  502
36  186
36  226
37  73
37  80
37  361
38  42
38  95
38  207
38  302
39  8
39  238
39  419
40  64
40  416
41  216
41  438
41  489
41  507
42  186
42  371
42  450
42  488
43  411
46  134
46  190
46  333
47  91
47  478
48  402
49  205
50  11
50  125
50  171
50  175
50  208
50  310
52  109
52  208
52  236
52  394
53  167
54  172
55  6
55  240
55  253
55  288
55  330
55  358
55  509
57  58
57  233
58  231
58  263
58  351
58  500
59  218
59  249
60  166
61  472
62  107
63  26
63  173
63  328
63  498
64  128
64  247
64  304
64  381
65  117
65  224
65  470
66  54
66  200
66  462
67  446
68  428
68  465
69  329
70  384
71  5
71  361
72  251
72  443
72  512
74  61
74  140
75  196
75  286
75  480
76  165
76  340
76  446
79  244
81  272
83  106
83  504
84  72
84  467
84  501
86  13
86  351
87  55
87  172
87  479
88  295
88  348
88  359
89  338
89  430
90  140
91  48
91  82
91  210
91  237
91  279
92  418
93  306
94  393
95  45
95  73
95  131
95  214
95  235
95  382
95  444
96  504
97  64
97  445
98  44
98  82
98  94
98  220
99  45
99  208
99  226
100  293
100  359
101  279
101  429
102  136
102  184
102  275
103  32
103  178
104  250
104  490
105  316
105  455
106  13
106  116
107  273
107  351
107  476
108  103
108  150
108  166
108  508
109  153
109  500
110  44
110  144
110  200
111  116
111  255
111  293
112  284
113  234
113  499
114  408
115  95
116  145
116  251
116  279
117  101
117  120
117  315
119  61
119  129
119  366
119  383
120  139
120  157
120  199
120  267
120  304
121  109
121  294
121  402
122  28
122  173
122  316
122  495
123  86
124  16
125  215
126  23
126  331
127  236
127  507
128  207
129  426
129  504
130  350
131  113
132  131
132  170
132  205
132  267
132  308
132  474
132  508
133  61
133  204
133  501
134  341
134  425
135  310
135  372
135  458
136  404
136  430
137  310
138  251
140  388
142  98
142  215
143  355
144  258
144  441
145  190
145  243
146  166
146  210
147  63
148  74
148  345
149  158
149  432
150  168
150  318
151  8
152  188
153  50
153  199
153  470
154  258
154  476
155  16
155  117
155  143
155  178
155  250
155  300
156  23
156  411
157  54
157  150
158  321
159  173
159  268
159  311
160  203
160  218
160  365
160  499
161  30
161  278
162  216
162  337
164  420
164  477
165  32
165  162
165  456
166  362
167  293
167  466
170  326
170  353
170  403
171  187
171  301
172  82
172  317
173  148
173  459
173  506
174  310
175  69
175  469
176  58
178  157
178  212
180  82
180  377
180  404
181  352
181  368
181  390
181  400
183  382
183  474
184  19
184  311
185  69
185  115
185  365
185  399
186  209
186  376
187  15
187  324
188  342
189  297
189  472
189  508
190  79
190  186
190  363
191  188
191  205
191  345
191  354
191  412
191  440
192  278
193  340
194  155
194  180
194  427
195  329
196  152
196  383
197  354
197  365
198  360
198  366
198  394
198  411
199  171
199  353
199  445
200  275
202  12
202  362
202  399
202  456
203  463
204  339
204  358
204  374
204  458
204  488
205  335
206  10
206  271
206  492
207  296
207  443
208  137
209  98
209  117
209  345
210  132
210  179
210  284
211  25
211  80
212  367
213  198
215  170
215  352
215  378
216  84
216  428
217  49
219  11
221  28
221  443
221  444
222  306
223  1
223  44
223  72
223  120
223  275
224  94
224  112
224  272
224  492
225  413
227  129
227  132
228  247
230  36
230  278
232  108
232  114
232  164
232  173
233  99
233  265
234  366
234  471
235  22
235  46
235  88
237  137
237  323
238  85
238  104
238  204
239  91
239  161
239  311
240  396
240  453
240  455
241  296
242  176
244  3
244  174
244  289
244  381
244  387
245  111
245  130
245  397
245  503
246  275
246  352
246  393
247  359
247  372
247  501
250  106
251  6
251  75
251  239
253  214
253  327
254  12
254  97
254  262
254  498
256  59
257  409
257  471
258  359
258  372
259  10
259  148
259  406
260  42
261  142
261  437
262  135
262  295
263  169
263  316
263  326
264  340
265  13
265  368
267  311
268  32
268  191
268  348
269  499
272  51
272  228
274  168
274  286
274  424
275  302
275  418
275  487
276  143
277  139
277  201
277  263
277  309
278  494
279  83
279  401
280  58
280  151
280  218
280  401
283  262
283  320
283  482
284  52
284  56
284  103
284  141
284  183
284  316
284  387
284  455
285  179
286  197
286  499
287  186
287  308
287  485
288  153
288  411
288  445
290  242
290  279
291  190
293  496
294  314
295  305
295  386
297  131
297  223
297  286
298  395
299  259
299  477
299  508
300  180
300  210
300  228
300  457
301  230
301  469
302  52
303  93
303  167
304  41
304  49
305  452
305  489
305  504
306  456
307  193
307  436
308  40
309  48
309  254
310  163
310  470
312  235
313  9
313  427
314  39
314  444
314  498
315  17
315  69
315  226
315  398
316  485
317  48
317  69
317  297
317  412
318  469
319  383
319  398
320  24
320  139
321  476
322  19
322  209
323  210
323  273
324  317
324  433
325  117
327  253
327  263
327  338
327  508
328  13
328  20
328  36
328  39
328  101
328  450
329  228
330  13
330  419
331  178
332  359
334  125
334  499
335  221
335  429
335  475
336  5
336  110
337  9
338  118
338  348
338  382
338  443
339  43
339  368
339  404
340  371
341  198
341  360
342  168
342  280
343  58
343  127
343  243
343  362
343  425
344  240
344  245
345  71
345  396
346  232
346  253
346  419
347  12
347  234
349  344
349  415
349  499
350  449
351  157
351  394
351  396
352  113
352  187
352  214
352  337
353  9
353  89
353  249
354  61
354  162
354  220
355  25
355  40
355  212
356  444
358  97
358  117
358  267
358  366
358  390
358  414
358  488
359  314
360  151
360  271
362  470
363  5
363  347
364  243
365  89
365  409
365  485
366  375
367  140
367  451
368  148
369  263
370  333
371  33
371  373
371  457
372  120
373  176
373  355
374  7
374  402
375  106
376  171
378  142
379  305
380  314
380  373
380  394
381  1
381  136
381  155
381  331
383  439
384  43
384  302
384  505
385  393
386  199
386  271
386  480
387  101
388  107
388  174
388  305
388  310
388  370
391  28
391  57
391  510
392  61
392  136
392  392
393  182
393  214
393  360
395  13
395  89
395  151
395  159
395  186
395  260
396  402
396  410
397  19
397  246
397  267
398  89
398  361
399  17
399  457
400  125
400  438
400  461
401  75
401  354
402  311
402  336
402  434
403  252
403  489
404  37
404  49
404  192
404  275
404  411
405  174
405  236
405  389
405  414
406  3
406  34
406  403
406  459
407  228
407  437
408  432
409  210
409  220
409  433
410  296
412  84
412  94
412  129
412  410
414  35
414  80
414  134
414  271
415  21
415  99
415  420
416  449
416  486
416  508
417  16
418  154
418  302
418  368
419  245
421  171
422  278
422  470
423  157
423  409
425  225
426  180
426  240
427  52
427  83
427  452
428  379
429  51
430  282
430  357
430  364
430  505
431  198
432  451
432  495
433  8
433  113
433  507
434  119
434  138
434  268
434  298
435  81
435  408
436  180
436  453
436  454
436  480
437  122
437  126
437  271
437  386
438  39
438  408
438  459
439  109
442  76
442  511
443  462
444  181
446  147
447  153
447  493
448  70
448  344
449  224
450  111
450  224
451  54
451  111
451  465
452  8
452  202
452  466
453  199
453  345
454  56
455  301
456  30
457  313
457  408
458  223
458  388
460  378
462  271
462  401
463  450
466  219
466  503
467  253
467  446
470  461
471  448
471  459
473  218
473  501
474  241
474  295
475  65
475  89
475  132
475  149
475  207
476  336
477  183
477  448
478  118
478  126
478  299
479  485
480  245
480  376
481  4
481  274
483  166
483  398
483  413
484  131
485  270
486  87
486  472
487  94
488  77
488  233
489  51
489  62
489  332
489  468
491  57
491  63
491  82
491  510
492  40
493  106
493  157
493  272
493  498
493  504
495  23
495  162
495  477
495  492
496  80
496  500
498  197
499  12
499  184
500  370
501  489
502  215
502  242
503  17
503  72
503  239
504  75
504  118
504  475
505  166
507  21
508  54
508  139
509  331
509  341
510  183
511  176
511  388
512  105
512  205